SECTOR     0 'Entire  Field'      3936.2873       3926.7478       8362724.9       6303289.4       5218477.0       2331042.6       2040393.5       91241753.       31561326.       5470915.1       2059435.5       832374.33    
 
GROUP      1 'FIELD'   119.37237       70.930305       93094.261       124.33183       71.625554       3578.0223       3773.9797       3175538.7       0.0000000       0.0000000       0.0000000       0.0000000       0.0000000       0.0000000    
 
**                       P/I Lnk                                   Well           Mob Wtd                                                                                                                                         On-time
**         #  Name  Flg Flg  BH Temp           BHP          Blk Pres        Blk Pres           STO             STW             STG             BHO             BHW             BHG             BHF           BHF Cum         Fraction
WELL       1 'PRODUCER1'   1  0  50.000000       2500.0000       3190.1299       3253.1768       44.170571      0.19182473       32297.788       46.140206      0.19366849       1020.2663       1066.6002       1188885.0       1.0000000    
 
**       NO  STATUS      DEP             Pwl             Pbk             STO             STW             STG             BHO             BHW             BHG             BHF
LAYER     1    1      1579.4647       2500.0000       3190.1299      0.54382951      0.27801116E-02   5392.8974      0.56747933      0.28070541E-02   177.56303       178.13332    
LAYER     2    1      1585.0259       2501.5055       3195.1022      0.92398440      0.42265718E-02   1972.5812      0.96419613      0.42675225E-02   64.623371       65.591835    
LAYER     3    1      1590.5870       2503.4616       3207.4913      0.97853053      0.43338237E-02   1312.1018       1.0211950      0.43757887E-02   42.697243       43.722814    
LAYER     4    1      1596.1482       2505.5244       3210.7948      0.85189594      0.37272144E-02   1367.0099      0.88905737      0.37632999E-02   44.483948       45.376769    
LAYER     5    1      1601.7093       2507.6020       3202.3891       1.9915015      0.85148294E-02   2647.6629       2.0782659      0.85972999E-02   86.302295       88.389158    
LAYER     6    1      1605.9281       2509.5777       3214.3107       1.4258322      0.58960821E-02   834.87904       1.4880625      0.59531561E-02   26.866680       28.360696    
LAYER     7    1      1608.8046       2511.6418       3222.7101      0.97459222      0.40937475E-02   378.48456       1.0171815      0.41333591E-02   12.047424       13.068739    
LAYER     8    1      1611.6811       2513.5945       3228.8795      0.64006227      0.26846597E-02   467.26995      0.66805840      0.27106291E-02   15.009296       15.680065    
LAYER     9    1      1614.5575       2515.0974       3231.4134       1.1050211      0.45645906E-02   919.85178       1.1533726      0.46087397E-02   29.567461       30.725442    
LAYER    10    1      1617.4340       2516.7802       3242.5778       1.4184418      0.59114915E-02   745.50887       1.4806104      0.59686374E-02   23.717952       25.204531    
LAYER    11    1      1621.8685       2519.6744       3264.2473       1.9739919      0.83809293E-02   1086.7981       2.0607880      0.84618631E-02   34.351359       36.420609    
LAYER    12    1      1627.8611       2522.9934       3277.8106       1.7501926      0.76338568E-02   1677.4282       1.8273027      0.77075283E-02   53.164399       54.999410    
LAYER    13    1      1633.8538       2525.6072       3304.6827       1.6629097      0.73387381E-02   2017.1689       1.7364651      0.74094703E-02   63.497210       65.241085    
LAYER    14    1      1639.8464       2528.2114       3318.4978       1.7341306      0.76075618E-02   1722.4654       1.8109921      0.76808363E-02   53.881628       55.700301    
LAYER    15    1      1645.8390       2530.9788       3340.2177       1.5673070      0.67749804E-02   1541.1331       1.6369959      0.68401676E-02   47.863419       49.507255    
LAYER    16    1      1654.7800       2536.2172       3363.8287       5.0073931      0.21217025E-01   2848.4893       5.2308117      0.21420939E-01   87.162263       92.414495    
LAYER    17    1      1666.6694       2544.7411       3386.0373       5.1636605      0.21804314E-01   2190.3435       5.3947976      0.22013648E-01   66.150376       71.567187    
LAYER    18    1      1678.5587       2554.8443       3432.4097       4.5718486      0.19266346E-01   1581.5885       4.7778743      0.19450901E-01   46.803029       51.600354    
LAYER    19    1      1690.4481       2567.3998       3480.6425       4.4917321      0.19300472E-01   1073.5525       4.6955570      0.19484923E-01   30.867159       35.582200    
LAYER    20    1      1702.3375       2588.9101       3556.8473       5.3937129      0.25767380E-01   520.57262       5.6411421      0.26012725E-01   13.646801       19.313956    
 
WELL       2 'PRODUCER2'   1  0  50.000000       500.00000       2394.5946       2507.8439       75.201799       70.738480       60796.473       78.191622       71.431885       2557.7560       2707.3795       1986653.7       1.0000000    
 
**       NO  STATUS      DEP             Pwl             Pbk             STO             STW             STG             BHO             BHW             BHG             BHF
LAYER     1    1      1617.8068       500.00000       2394.5946       1.1263669      0.69021348E-02   9397.4710       1.1697670      0.69715646E-02   419.86126       421.03800    
LAYER     2    1      1623.3679       500.46537       2405.8329       2.4161275      0.13476600E-01   5085.5886       2.5093831      0.13612094E-01   225.57983       228.10282    
LAYER     3    1      1628.9291       501.13719       2431.0404       1.6628617      0.90265299E-02   2745.6618       1.7272901      0.91171772E-02   120.36211       122.09852    
LAYER     4    1      1634.4903       501.85989       2392.0880       3.0462763      0.16372063E-01   5092.9427       3.1636076      0.16536771E-01   227.08347       230.26362    
LAYER     5    1      1640.0514       502.72175       2408.1605       4.6122623      0.24011466E-01   4982.4729       4.7903456      0.24252851E-01   220.12874       224.94334    
LAYER     6    1      1644.2702       503.66622       2428.6801       3.4463916      0.17061719E-01   1920.1018       3.5798758      0.17233076E-01   83.592589       87.189698    
LAYER     7    1      1647.1467       504.81499       2450.3901       3.7160604      0.18962228E-01   1204.9722       3.8604638      0.19152483E-01   51.515596       55.395213    
LAYER     8    1      1650.0231       506.00563       2475.3910       1.7249074      0.89779636E-02   870.82591       1.7921903      0.90679390E-02   37.108890       38.910149    
LAYER     9    1      1652.8996       506.87646       2502.0591       1.7484314      0.88162355E-02   1166.3531       1.8169221      0.89044813E-02   49.291208       51.117035    
LAYER    10    1      1655.7761       507.78861       2521.9303       2.3734059      0.11935060E-01   1104.7609       2.4666718      0.12054414E-01   46.081092       48.559818    
LAYER    11    1      1660.2106       509.42363       2541.6843       4.6315112      0.23962481E-01   2125.8697       4.8140811      0.24201894E-01   87.905687       92.743970    
LAYER    12    1      1666.2032       511.33106       2561.5281       2.8961181      0.15247963E-01   1977.3273       3.0106378      0.15400168E-01   81.488281       84.514319    
LAYER    13    1      1672.1958       512.79230       2566.1609       3.7561316      0.19601568E-01   3254.9803       3.9047667      0.19797188E-01   134.17617       138.10073    
LAYER    14    1      1678.1885       514.45584       2580.9796       5.7211320      0.29398308E-01   3031.1396       5.9480521      0.29691496E-01   123.52617       129.50392    
LAYER    15    1      1684.1811       516.61543       2603.3357       4.0765764      0.21104425E-01   1820.7195       4.2388345      0.21314680E-01   73.321605       77.581754    
LAYER    16    1      1693.1221       519.82897       2669.8019       7.0659654      0.37744735E-01   3666.2381       7.3501300      0.38119611E-01   143.99330       151.38155    
LAYER    17    1      1705.0114       523.83757       2691.7357       5.8613162      0.16087654       3373.8059       6.0978344      0.16247271       131.52868       137.78899    
LAYER    18    1      1716.9008       528.48527       2717.8761       7.2368725       3.8141260       5336.5039       7.5300744       3.8519226       206.48336       217.86536    
LAYER    19    1      1728.7902       543.42078       2838.4865       4.1966197       16.181495       2009.5393       4.3697941       16.340945       73.776777       94.487516    
LAYER    20    1      1740.6795       596.75487       3006.3854       3.8864650       50.299381       629.19876       4.0508996       50.791117       20.951143       75.793159    
 
 
**            #  Name   STO             STG             STW             BHO             BHG             BHW
WELL-CUMS     1 'PRODUCER1'  437056.32       38919508.       666.77436       465333.26       722879.33       672.42269    
WELL-CUMS     2 'PRODUCER2'  361501.23       50614208.       247834.90       383246.67       1353562.3       249844.71    
 
DTIMEPREV       30.0000

TIMECURR      1369.0000000


DATECURR    1996-10-01       

DATECARD      1400.0000000


