SECTOR     0 'Entire  Field'      3737.1520       3728.6870       8361503.4       6301986.6       5212434.1       2326349.5       2040284.7       86427364.       30260074.       5457630.6       2059516.8       844356.04    
 
GROUP      1 'FIELD'   105.99885       63.291955       86215.612       110.31194       63.916582       3504.3677       3678.5962       3413283.3       0.0000000       0.0000000       0.0000000       0.0000000       0.0000000       0.0000000    
 
**                       P/I Lnk                                   Well           Mob Wtd                                                                                                                                         On-time
**         #  Name  Flg Flg  BH Temp           BHP          Blk Pres        Blk Pres           STO             STW             STG             BHO             BHW             BHG             BHF           BHF Cum         Fraction
WELL       1 'PRODUCER1'   1  0  50.000000       2500.0000       3081.3041       3139.2109       37.023787      0.16303955       27485.810       38.646762      0.16461538       902.81284       941.62422       1335508.8       1.0000000    
 
**       NO  STATUS      DEP             Pwl             Pbk             STO             STW             STG             BHO             BHW             BHG             BHF
LAYER     1    1      1579.4647       2500.0000       3081.3041      0.44661624      0.22746421E-02   4498.4256      0.46572226      0.22968005E-02   153.79194       154.25996    
LAYER     2    1      1585.0259       2501.4827       3085.7699      0.75932548      0.34916701E-02   1687.1829      0.79183110      0.35256770E-02   57.415543       58.210900    
LAYER     3    1      1590.5870       2503.3971       3096.8010      0.80605478      0.35951335E-02   1103.3931      0.84061867      0.36301298E-02   37.311722       38.155971    
LAYER     4    1      1596.1482       2505.4014       3098.4032      0.69758840      0.30729237E-02   1196.5377      0.72750849      0.31028343E-02   40.490882       41.221494    
LAYER     5    1      1601.7093       2507.3920       3092.4087       1.6250752      0.70563485E-02   2333.9510       1.6947125      0.71250518E-02   79.069585       80.771423    
LAYER     6    1      1605.9281       2509.2950       3103.4833       1.1788478      0.49584882E-02   699.56022       1.2294484      0.50067406E-02   23.402594       24.637049    
LAYER     7    1      1608.8046       2511.3292       3111.8302      0.80871984      0.34292494E-02   309.55426      0.84347709      0.34626071E-02   10.240000       11.086940    
LAYER     8    1      1611.6811       2513.2529       3117.6405      0.52951270      0.22376882E-02   396.56057      0.55229017      0.22594490E-02   13.241061       13.795611    
LAYER     9    1      1614.5575       2514.7107       3120.3701      0.91340260      0.38188646E-02   788.21612      0.95270967      0.38559972E-02   26.334295       27.290860    
LAYER    10    1      1617.4340       2516.3586       3131.2354       1.1796518      0.49818427E-02   618.37363       1.2304999      0.50302584E-02   20.444151       21.679682    
LAYER    11    1      1621.8685       2519.2249       3151.6778       1.6463703      0.70772489E-02   897.19578       1.7175550      0.71459616E-02   29.469631       31.194332    
LAYER    12    1      1627.8611       2522.4999       3164.9457       1.4583000      0.64291873E-02   1417.5666       1.5214790      0.64915686E-02   46.685984       48.213954    
LAYER    13    1      1633.8538       2525.0475       3189.1187       1.3808574      0.61879476E-02   1744.6028       1.4408984      0.62479190E-02   57.103826       58.550972    
LAYER    14    1      1639.8464       2527.5579       3201.9398       1.4412024      0.64124537E-02   1508.6414       1.5039875      0.64745629E-02   49.091702       50.602164    
LAYER    15    1      1645.8390       2530.2001       3221.5209       1.3009585      0.57176314E-02   1371.8559       1.3577998      0.57729590E-02   44.347636       45.711209    
LAYER    16    1      1654.7800       2535.2268       3243.8359       4.1912945      0.18044278E-01   2464.8989       4.3750283      0.18218700E-01   78.534049       82.927296    
LAYER    17    1      1666.6694       2543.5290       3266.5078       4.3492214      0.18666003E-01   1842.3312       4.5405198      0.18846239E-01   57.889756       62.449122    
LAYER    18    1      1678.5587       2553.5194       3310.4809       3.8660250      0.16540556E-01   1315.2475       4.0371763      0.16699933E-01   40.495429       44.549305    
LAYER    19    1      1690.4481       2566.1560       3357.9990       3.8223773      0.16736262E-01   874.76970       3.9927782      0.16897157E-01   26.138080       30.147755    
LAYER    20    1      1702.3375       2588.3057       3433.4949       4.6223856      0.22311127E-01   416.94549       4.8307213      0.22524837E-01   11.314974       16.168220    
 
WELL       2 'PRODUCER2'   1  0  50.000000       500.00000       2285.2943       2389.3503       68.975065       63.128916       58729.801       71.665175       63.751966       2601.5548       2736.9720       2077774.6       1.0000000    
 
**       NO  STATUS      DEP             Pwl             Pbk             STO             STW             STG             BHO             BHW             BHG             BHF
LAYER     1    1      1617.8068       500.00000       2285.2943       1.0309676      0.65658449E-02   8694.0408       1.0700289      0.66322239E-02   407.89019       408.96685    
LAYER     2    1      1623.3679       500.44810       2296.4050       2.2078699      0.12902702E-01   4870.9059       2.2916661      0.13033079E-01   226.89304       229.19774    
LAYER     3    1      1628.9291       501.08213       2319.8720       1.5180643      0.86463834E-02   2680.8589       1.5758896      0.87336578E-02   123.46516       125.04978    
LAYER     4    1      1634.4903       501.74905       2281.8854       2.7622583      0.15619594E-01   5169.0423       2.8668595      0.15777529E-01   242.26685       245.14948    
LAYER     5    1      1640.0514       502.52652       2296.8084       4.1743169      0.22914652E-01   5021.4567       4.3327564      0.23146191E-01   233.31177       237.66767    
LAYER     6    1      1644.2702       503.39028       2315.2997       3.1593919      0.16472821E-01   1843.4721       3.2796528      0.16639128E-01   84.461464       87.757756    
LAYER     7    1      1647.1467       504.48304       2335.7914       3.4197471      0.18316716E-01   1116.8762       3.5503306      0.18501466E-01   50.259271       53.828103    
LAYER     8    1      1650.0231       505.62175       2359.1759       1.5833028      0.86536844E-02   820.61309       1.6439792      0.87408751E-02   36.807262       38.459982    
LAYER     9    1      1652.8996       506.44202       2383.8652       1.6002970      0.84910236E-02   1116.5708       1.6618571      0.85764785E-02   49.694329       51.364763    
LAYER    10    1      1655.7761       507.30143       2402.3760       2.1790437      0.11505474E-01   1041.4148       2.2631042      0.11621168E-01   45.773128       48.047853    
LAYER    11    1      1660.2106       508.85548       2420.9893       4.2542344      0.23106879E-01   1997.1350       4.4188151      0.23339033E-01   87.043195       91.485349    
LAYER    12    1      1666.2032       510.65819       2439.5151       2.6512494      0.14673409E-01   1892.4054       2.7541054      0.14820706E-01   82.217386       84.986313    
LAYER    13    1      1672.1958       512.01262       2443.3656       3.4209103      0.18809484E-01   3186.2665       3.5537031      0.18998267E-01   138.50447       142.07717    
LAYER    14    1      1678.1885       513.54950       2456.9489       5.2402753      0.28354250E-01   2917.7681       5.4441108      0.28638653E-01   125.48204       130.95479    
LAYER    15    1      1684.1811       515.57231       2478.1089       3.7426487      0.20381098E-01   1721.0300       3.8887005      0.20585327E-01   73.154358       77.063644    
LAYER    16    1      1693.1221       518.59976       2540.0768       6.4751513      0.36391822E-01   3468.2705       6.7303310      0.36755445E-01   143.82895       150.59603    
LAYER    17    1      1705.0114       522.35466       2559.1454       5.3668629      0.14239212       3211.4205       5.5790026      0.14381363       132.28616       138.00897    
LAYER    18    1      1716.9008       526.38927       2584.0715       6.6973529       2.8050329       5366.9035       6.9631221       2.8330034       219.43465       229.23077    
LAYER    19    1      1728.7902       539.02404       2694.2357       3.8729336       14.268879       2027.8103       4.0292760       14.410435       78.872828       97.312539    
LAYER    20    1      1740.6795       590.00295       2855.8912       3.6181870       45.640806       565.54008       3.7678839       46.090176       19.908355       69.766415    
 
 
**            #  Name   STO             STG             STW             BHO             BHG             BHW
WELL-CUMS     1 'PRODUCER1'  453179.59       42501577.       730.74777       481878.59       852893.14       737.04008    
WELL-CUMS     2 'PRODUCER2'  351439.12       51856106.       247863.66       372587.94       1455304.8       249881.77    
 
DTIMEPREV       30.0000

TIMECURR      1369.0000000


DATECURR    1996-10-01       

DATECARD      1400.0000000


