SECTOR     0 'Entire  Field'      4196.1844       4191.4681       8364319.3       6304108.0       5228259.7       2339142.7       2041391.5       97562191.       33096984.       5490631.1       2060211.3       813476.84    
 
GROUP      1 'FIELD'   87.277158       61.664987       66022.270       90.859615       62.262700       2575.2584       2728.3807       3004528.0       0.0000000       0.0000000       0.0000000       0.0000000       0.0000000       0.0000000    
 
**                       P/I Lnk                                   Well           Mob Wtd                                                                                                                                         On-time
**         #  Name  Flg Flg  BH Temp           BHP          Blk Pres        Blk Pres           STO             STW             STG             BHO             BHW             BHG             BHF           BHF Cum         Fraction
WELL       1 'PRODUCER1'   1  0  50.000000       3917.5589       3917.5589       3917.5589       0.0000000       0.0000000       0.0000000       0.0000000       0.0000000       0.0000000       0.0000000       954153.03       1.0000000    
 
**       NO  STATUS      DEP             Pwl             Pbk             STO             STW             STG             BHO             BHW             BHG             BHF
LAYER     1    1      1579.4647       3917.5589       3917.5589       0.0000000       0.0000000       0.0000000       0.0000000       0.0000000       0.0000000       0.0000000    
LAYER     2    1      1585.0259       3924.9657       3924.9657       0.0000000       0.0000000       0.0000000       0.0000000       0.0000000       0.0000000       0.0000000    
LAYER     3    1      1590.5870       3939.3742       3939.3742       0.0000000       0.0000000       0.0000000       0.0000000       0.0000000       0.0000000       0.0000000    
LAYER     4    1      1596.1482       3946.3951       3946.3951       0.0000000       0.0000000       0.0000000       0.0000000       0.0000000       0.0000000       0.0000000    
LAYER     5    1      1601.7093       3952.7633       3952.7633       0.0000000       0.0000000       0.0000000       0.0000000       0.0000000       0.0000000       0.0000000    
LAYER     6    1      1605.9281       3967.1775       3967.1775       0.0000000       0.0000000       0.0000000       0.0000000       0.0000000       0.0000000       0.0000000    
LAYER     7    1      1608.8046       3979.4028       3979.4028       0.0000000       0.0000000       0.0000000       0.0000000       0.0000000       0.0000000       0.0000000    
LAYER     8    1      1611.6811       3988.3632       3988.3632       0.0000000       0.0000000       0.0000000       0.0000000       0.0000000       0.0000000       0.0000000    
LAYER     9    1      1614.5575       3997.6603       3997.6603       0.0000000       0.0000000       0.0000000       0.0000000       0.0000000       0.0000000       0.0000000    
LAYER    10    1      1617.4340       4011.7389       4011.7389       0.0000000       0.0000000       0.0000000       0.0000000       0.0000000       0.0000000       0.0000000    
LAYER    11    1      1621.8685       4033.4383       4033.4383       0.0000000       0.0000000       0.0000000       0.0000000       0.0000000       0.0000000       0.0000000    
LAYER    12    1      1627.8611       4054.7479       4054.7479       0.0000000       0.0000000       0.0000000       0.0000000       0.0000000       0.0000000       0.0000000    
LAYER    13    1      1633.8538       4075.0142       4075.0142       0.0000000       0.0000000       0.0000000       0.0000000       0.0000000       0.0000000       0.0000000    
LAYER    14    1      1639.8464       4097.1459       4097.1459       0.0000000       0.0000000       0.0000000       0.0000000       0.0000000       0.0000000       0.0000000    
LAYER    15    1      1645.8390       4122.6490       4122.6490       0.0000000       0.0000000       0.0000000       0.0000000       0.0000000       0.0000000       0.0000000    
LAYER    16    1      1654.7800       4168.3260       4168.3260       0.0000000       0.0000000       0.0000000       0.0000000       0.0000000       0.0000000       0.0000000    
LAYER    17    1      1666.6694       4230.9938       4230.9938       0.0000000       0.0000000       0.0000000       0.0000000       0.0000000       0.0000000       0.0000000    
LAYER    18    1      1678.5587       4297.2834       4297.2834       0.0000000       0.0000000       0.0000000       0.0000000       0.0000000       0.0000000       0.0000000    
LAYER    19    1      1690.4481       4379.3260       4379.3260       0.0000000       0.0000000       0.0000000       0.0000000       0.0000000       0.0000000       0.0000000    
LAYER    20    1      1702.3375       4474.7061       4474.7061       0.0000000       0.0000000       0.0000000       0.0000000       0.0000000       0.0000000       0.0000000    
 
WELL       2 'PRODUCER2'   1  0  50.000000       500.00000       2589.8655       2691.8991       87.277158       61.664987       66022.270       90.859615       62.262700       2575.2584       2728.3807       2050375.0       1.0000000    
 
**       NO  STATUS      DEP             Pwl             Pbk             STO             STW             STG             BHO             BHW             BHG             BHF
LAYER     1    1      1617.8068       500.00000       2589.8655       1.2658718      0.72508811E-02   11730.925       1.3161507      0.73231640E-02   482.39398       483.71745    
LAYER     2    1      1623.3679       500.45644       2601.3011       2.7420933      0.14254184E-01   6227.4540       2.8512009      0.14396207E-01   254.27457       257.14017    
LAYER     3    1      1628.9291       501.12683       2627.4419       1.8970134      0.95792266E-02   3231.0748       1.9728038      0.96745539E-02   130.38541       132.36789    
LAYER     4    1      1634.4903       501.84305       2581.6482       3.4465344      0.17296999E-01   6264.7289       3.5832504      0.17469496E-01   257.68131       261.28203    
LAYER     5    1      1640.0514       502.71106       2597.9826       5.2815121      0.25476474E-01   5612.0711       5.4915539      0.25730350E-01   228.63881       234.15609    
LAYER     6    1      1644.2702       503.74246       2621.6196       3.9641429      0.18018898E-01   1947.8010       4.1223768      0.18198261E-01   77.961888       82.102463    
LAYER     7    1      1647.1467       505.03364       2644.7702       4.2449053      0.19956868E-01   1297.5487       4.4149574      0.20155308E-01   50.972871       55.407983    
LAYER     8    1      1650.0231       506.34225       2671.4670       1.9715420      0.95192551E-02   940.77341       2.0508499      0.96137918E-02   36.877990       38.938454    
LAYER     9    1      1652.8996       507.30516       2700.7687       2.0090096      0.93492649E-02   1221.0968       2.0901909      0.94419867E-02   47.465905       49.565538    
LAYER    10    1      1655.7761       508.32780       2722.3453       2.7177450      0.12601319E-01   1162.9610       2.8279300      0.12726167E-01   44.583672       47.424328    
LAYER    11    1      1660.2106       510.13602       2742.6190       5.2933821      0.25315437E-01   2286.4751       5.5086581      0.25566014E-01   86.967576       92.501800    
LAYER    12    1      1666.2032       512.18637       2761.1269       3.2995082      0.16163836E-01   2230.6082       3.4340754      0.16323691E-01   84.774569       88.224968    
LAYER    13    1      1672.1958       513.69846       2763.6979       4.2739332      0.20724908E-01   3698.4020       4.4483098      0.20929845E-01   140.76932       145.23856    
LAYER    14    1      1678.1885       515.48560       2779.0073       6.5319109      0.31046838E-01   3180.9320       6.7990350      0.31353622E-01   119.51816       126.34854    
LAYER    15    1      1684.1811       517.98483       2803.0330       4.6702360      0.22322710E-01   1750.4503       4.8619244      0.22543041E-01   64.844836       69.729304    
LAYER    16    1      1693.1221       521.98546       2874.9554       8.1431034      0.39953601E-01   3306.7406       8.4809775      0.40346624E-01   119.37469       127.89602    
LAYER    17    1      1705.0114       527.14296       2897.3158       6.7970842      0.14633371       2916.3333       7.0800545      0.14777168       104.51471       111.74254    
LAYER    18    1      1716.9008       532.61925       2928.4237       8.5922142       2.8741691       4841.2653       8.9515803       2.9023711       172.30210       184.15605    
LAYER    19    1      1728.7902       549.07705       3059.8563       5.1318490       14.261127       1706.5594       5.3506821       14.400194       57.315565       77.066441    
LAYER    20    1      1740.6795       606.80304       3248.2982       5.0035671       44.084526       468.06901       5.2230537       44.510571       13.640443       63.374068    
 
 
**            #  Name   STO             STG             STW             BHO             BHG             BHW
WELL-CUMS     1 'PRODUCER1'  432134.26       30488232.       648.92336       459911.42       493587.19       654.43057    
WELL-CUMS     2 'PRODUCER2'  356661.16       52750794.       246841.63       378083.29       1423445.2       248846.46    
 
DTIMEPREV       30.0000

TIMECURR      1369.0000000


DATECURR    1996-10-01       

DATECARD      1400.0000000


